K_Height, Bandgap
3.3153,	3.248994 
3.3653,	3.297994 
3.4153,	3.346994 
3.4653,	3.395994 
3.5153,	3.444994 
3.5653,	3.493994 
3.6153,	3.542994 
3.6653,	3.591994 
3.7153,	3.640994 
3.7653,	3.689994 
3.8153,	3.738994 
3.8653,	3.787994 
3.9153,	3.836994 
3.9653,	3.885994 
4.0153,	3.934994 
4.0653,	3.983994 
4.1153,	4.032994 
4.1653,	4.081994 
4.2153,	4.130994 
4.2653,	4.179994 
4.3153,	4.228994 
4.3653,	4.277994 
4.4153,	4.326994 
4.4653,	4.375994 
4.5153,	4.424994 
4.5653,	4.473994 
4.6153,	4.522994 
4.6653,	4.571994 
4.7153,	4.620994 
4.7653,	4.669994 
4.8153,	4.718994 
4.8653,	4.767994 
4.9153,	4.816994 
4.9653,	4.865994 
5.0153,	4.914994 
5.0653,	4.963994 
5.1153,	5.012994 
5.1653,	5.061994 
5.2153,	5.110994 
5.2653,	5.159994 
5.3153,	5.208994 
5.3653,	5.257994 
5.4153,	5.306994 
5.4653,	5.355994 
5.5153,	5.404994 
5.5653,	5.453994 
5.6153,	5.502994 
5.6653,	5.551994 
5.7153,	5.600994 
5.7653,	5.649994 
5.8153,	5.698994 
5.8653,	5.747994 
5.9153,	5.796994 
5.9653,	5.845994 
6.0153,	5.894994 
6.0653,	5.943994 
6.1153,	5.992994 
6.1653,	6.041994 
6.2153,	6.090994 
6.2653,	6.139994 
