20	-1436.076813
21	-1455.343019
22	-1473.679632
23	-1491.32013
24	-1507.969083
25	-1523.643126
26	-1538.471892
27	-1552.206843
28	-1565.066291
29	-1576.946785
30	-1587.847354
31	-1597.995328
32	-1607.314579
33	-1615.878639
34	-1623.731961
35	-1630.812391
36	-1637.261666
37	-1643.080762
38	-1648.354055
39	-1653.064621
40	-1657.279519
41	-1661.046885
42	-1664.385299
43	-1667.336072
44	-1669.927922
45	-1672.194306
46	-1674.157277
47	-1675.866825
48	-1677.33794
49	-1678.592091
50	-1679.669854
51	-1680.578379
52	-1681.341512
53	-1681.985997
54	-1682.521432
55	-1682.964318
56	-1683.328862
57	-1683.62703
58	-1683.868559
59	-1684.063017
60	-1684.221136
61	-1684.34538
62	-1684.443358
63	-1684.521571
64	-1684.582419
65	-1684.629245
66	-1684.66523
67	-1684.692689
68	-1684.713494
69	-1684.729065
70	-1684.740648
71	-1684.749103
72	-1684.755222
73	-1684.759605
74	-1684.762728
75	-1684.764908
76	-1684.76639
77	-1684.767401
78	-1684.768063
79	-1684.768496
80	-1684.768767
81	-1684.768937
82	-1684.769039
83	-1684.7691
84	-1684.769136
85	-1684.769159
86	-1684.769174
87	-1684.769185
88	-1684.769195
89	-1684.769204
90	-1684.769213
91	-1684.769222
92	-1684.76923
93	-1684.769238
94	-1684.769246
95	-1684.769254
96	-1684.76926
97	-1684.769267
98	-1684.769273
99	-1684.769279
100	-1684.769285
101	-1684.769292
102	-1684.769298
103	-1684.769304
104	-1684.769311
105	-1684.769317
106	-1684.769324
107	-1684.76933
108	-1684.769336
109	-1684.769342
110	-1684.769349
111	-1684.769354
112	-1684.76936
113	-1684.769365
114	-1684.76937
115	-1684.769375
116	-1684.76938
117	-1684.769384
118	-1684.769388
119	-1684.769392
120	-1684.769396
121	-1684.7694
122	-1684.769404
123	-1684.769407
124	-1684.769411
125	-1684.769414
126	-1684.769418
127	-1684.769422
128	-1684.769425
129	-1684.769429
130	-1684.769433
131	-1684.769437
132	-1684.76944
133	-1684.769444
134	-1684.769447
135	-1684.769451
136	-1684.769454
137	-1684.769457
138	-1684.76946
139	-1684.769463
140	-1684.769466
141	-1684.769468
142	-1684.769471
143	-1684.769473
144	-1684.769475
145	-1684.769477
146	-1684.769479
147	-1684.769481
148	-1684.769483
149	-1684.769485
