Ecut, Etotal
20, -1436.07681331
21, -1455.34301865
22, -1473.67963151
23, -1491.32013040
24, -1507.96908276
25, -1523.64312629
26, -1538.47189228
27, -1552.20684280
28, -1565.06629106
29, -1576.94678457
30, -1587.84735373
31, -1597.99532841
32, -1607.31457858
33, -1615.87863913
34, -1623.73196061
35, -1630.81239101
36, -1637.26166618
37, -1643.08076180
38, -1648.35405451
39, -1653.06462078
40, -1657.27951945
41, -1661.04688544
42, -1664.38529915
43, -1667.33607235
44, -1669.92792245
45, -1672.19430635
46, -1674.15727702
47, -1675.86682465
48, -1677.33794006
49, -1678.59209123
50, -1679.66985447
51, -1680.57837885
52, -1681.34151208
53, -1681.98599712
54, -1682.52143153
55, -1682.96431845
56, -1683.32886213
57, -1683.62703021
58, -1683.86855855
59, -1684.06301652
60, -1684.22113597
61, -1684.34537997
62, -1684.44335793
63, -1684.52157138
64, -1684.58241853
65, -1684.62924498
66, -1684.66523017
67, -1684.69268855
68, -1684.71349419
69, -1684.72906538
70, -1684.74064849
71, -1684.74910319
72, -1684.75522234
73, -1684.75960461
74, -1684.76272752
75, -1684.76490794
76, -1684.76638988
77, -1684.76740125
78, -1684.76806304
79, -1684.76849575
80, -1684.76876728
81, -1684.76893672
82, -1684.76903853
83, -1684.76909967
84, -1684.76913627
85, -1684.76915867
86, -1684.76917377
87, -1684.76918524
88, -1684.76919505
89, -1684.76920418
90, -1684.76921302
91, -1684.76922168
92, -1684.76923001
93, -1684.76923793
94, -1684.76924555
95, -1684.76925361
96, -1684.76926035
97, -1684.76926689
98, -1684.76927315
99, -1684.76927934
100, -1684.76928545
101, -1684.76929165
102, -1684.76929787
103, -1684.76930421
104, -1684.76931051
105, -1684.76931701
106, -1684.76932354
107, -1684.76933011
108, -1684.76933610
109, -1684.76934241
110, -1684.76934851
111, -1684.76935437
112, -1684.76935997
113, -1684.76936523
114, -1684.76937024
115, -1684.76937505
116, -1684.76937960
117, -1684.76938416
118, -1684.76938834
119, -1684.76939230
120, -1684.76939617
121, -1684.76939992
122, -1684.76940359
123, -1684.76940724
124, -1684.76941087
125, -1684.76941448
126, -1684.76941813
127, -1684.76942177
128, -1684.76942546
129, -1684.76942917
130, -1684.76943286
131, -1684.76943656
132, -1684.76944019
133, -1684.76944380
134, -1684.76944734
135, -1684.76945075
136, -1684.76945407
137, -1684.76945717
138, -1684.76946020
139, -1684.76946304
140, -1684.76946575
141, -1684.76946828
142, -1684.76947067
143, -1684.76947289
144, -1684.76947501
145, -1684.76947706
146, -1684.76947904
147, -1684.76948096
148, -1684.76948287
149, -1684.76948480
